1   479.5076 -1718.6752 15.6543   306.203
2   -104.4305 -1599.9633 10.2728  155.059
3   -171.901 -1342.1506 3.9702    206.0494
4   -234.6141 -1083.0356 13.6891  64.9869
5   -234.178 -932.003 9.8638      88.0588
6   87.3565 -991.7079 19.1671     95.9671
7   205.4874 -887.7239 12.1869    28.6314
8   69.3874 -796.5868 11.7308     69.9683
9   183.2635 -652.9235 10.8851    277.5128
10  321.4266 -774.6419 22.8691    70.678
11  707.8359 -498.5323 12.3517    189.831
12  371.4139 -469.357 13.8172     232.5884
13  107.806 -551.7425 14.7282     195.2934
14  70.2255 -479.3726 13.6849     270.8308
15  53.7162 -446.9173 8.4455      98.3187
16  299.4421 -277.9484 11.9591    93.6878
17  266.1727 -249.8601 36.1694    105.7824
18  234.3585 -132.2634 8.0934     74.7621
19  424.7138 89.1787 11.2959      129.4265
20  491.685 -45.6651 10.0509      29.7902
21  589.1432 34.9078 16.7573      232.5188
22  472.6788 116.3995 11.2381     148.2556
23  379.3192 212.8069 11.3862     250.7658
24  162.2883 246.2326 12.2874     259.4064
25  42.9978 -151.2732 12.2842     240.984
26  43.5839 -15.0862 17.4021      337.1783
27  -46.4818 257.357 24.6051      56.6549
28  70.503 599.2627 14.5657       104.3504
29  289.9147 294.9962 13.5707     2.7506
30  352.3444 281.4156 19.6839     9.9574
31  401.3315 430.7892 11.437      264.6531
32  194.5374 678.9539 12.9707     97.7854
33  329.0105 717.1665 22.8969     58.9316
34  271.0973 932.8642 9.8695      189.3909
35  891.6938 874.0458 16.4342     318.5328
36  561.923 1156.7317 18.9701     269.4763
37  470.543 1123.3931 24.579      99.27
38  407.4626 1017.6445 25.3203    10.306
39  413.8806 1217.5897 18.4376    358.0596
40  306.4788 1177.402 17.4653     184.623
41  60.837 916.0302 10.8184       260.3244
42  -41.6735 922.5441 19.4324     7.1342
43  -16.363 991.9199 10.9029      221.1429
44  82.5837 1113.6449 18.7597     189.8414
45  -69.2307 1123.924 17.0775     154.4258
46  -237.2012 -588.5918 10.3493   279.9483
47  -518.9247 -599.2883 10.3733   178.0736
48  -310.3299 -415.4626 10.1147   83.8706
49  -245.239 -323.7604 10.2586    137.1073
50  -580.9186 -422.8304 19.8458   3.8554
51  -368.4985 -1733.5792 11.6376  155.2626
52  -213.0035 -1646.767 13.6337   121.647
53  353.5499 -564.0883 56.4676    46.4124
54  519.5341 -135.7565 34.6095    100.3347
55  473.2676 16.6343 33.0712      185.0292
56  -1737.7561 -299.6281 14.8683  227.2107
57  -1327.9827 -537.1209 13.9167  342.5502
58  -1726.9143 -418.6108 14.8675  353.5365
59  -1523.5782 -819.0859 14.8717  194.9541
60  -1366.6157 -928.069 20.8941   255.4281
61  -1477.2469 -880.724 32.3798   127.8747
62  -1567.5117 -1055.3671 21.3175 265.5501
63  -1562.0035 -1059.3445 14.868  276.2035
64  -1774.0667 -1053.4364 14.868  283.9011
65  -1829.3683 -887.2719 14.868   92.3115
66  -1348.9371 -1090.2982 24.6116 138.337
67  -1281.1107 -1146.2108 22.2614 67.5877
68  -1369.3367 -1255.4021 18.2101 58.8813
69  -1265.0435 -1346.7274 29.6993 163.7092
70  -1160.5549 -1333.5731 14.936  147.8688
71  -1187.1504 -1041.4078 14.8677 274.3176
72  -1064.2345 -965.7994 14.8677  273.2703
73  -1090.4045 -1199.0936 11.203  185.9635
74  -829.211 -1461.097 12.6419    355.3061
75  -620.4581 -1342.7057 16.3728  318.295
76  -802.1378 -1185.3243 11.1043  73.9629
77  -1017.6839 -874.5005 17.9701  62.866
78  -1179.297 -718.9843 22.8788   339.1676
79  -855.3371 -631.84 11.3756     206.2852
80  -1093.4183 -600.0853 26.0209  24.5021
81  -1179.7898 -576.3411 12.8144  357.2183
82  -1131.5627 -355.5644 15.0355  281.2899
83  -1195.1615 -317.8196 10.9423  239.2431
84  -994.0828 -250.2181 10.7332   136.7737
85  -1105.0714 -121.0177 20.1631  11.9084
86  -1033.5242 43.7316 11.1903    12.319
87  -975.2729 191.8353 12.6477    278.8182
88  -979.0778 266.5221 9.0893     270.6012
89  -856.0062 228.5711 12.9998    81.2107
90  -1072.3705 351.7241 11.263    229.1164
91  -1161.6136 431.0956 11.0898   340.8914
92  -898.7468 430.4431 10.9791    348.5869
93  -567.6074 775.8826 22.8768    5.4802
94  -790.5078 1119.4617 9.8542    285.0656
95  -451.9185 1119.8749 61.7874   261.778
96  -247.2257 1219.0677 10.8371   273.7523
97  -450.9253 1286.3953 12.6812   93.0946
98  -764.3979 1266.007 11.5737    87.3764
99  -1549.9437 1403.0657 8.7368   86.9607
100 -1024.9337 -1493.9091 19.4087 334.8077



